0.0809638021176103
0.08100378447956105
0.07756437165034141
0.04066389400854395
0.03521712468208718
0.053790229157951286
0.07841173513001835
0.04806923902077978
0.025663011005751107
0.028391958270855017
0.017120730053134303
-0.019378506841055326
0.007920076992584898
-0.010253603936345914
-0.027957216534837022
-0.0017659110441307795
-0.015695416154605252
-0.04339046207275867
-0.0027256217111907024
0.028413593396378695
0.01888038460249472
0.011948406052884929
-0.020034693524137975
-0.017537812902592344
-0.012415117258946404
-0.05085524276355556
0.011827063617374326
-0.01788481335384091
-0.00440124970531999
-0.03468525756370601
-0.029584015723230297
0.011379150199726504
0.025680625042527088
-0.003153576986804195
-0.02688227171511529
-0.015195974975901822
0.0012519362258211408
0.004943195330761489
-0.005767982678248895
0.010434112658697339
-0.013973857658056395
-0.015263197066138968
-0.038614513195362084
-0.019368152657268507
-0.0395713889312675
-0.0394759046030248
0.002453264074397995
-0.007188181892120386
-0.030463136953080477
-0.0034524777278420967
0.0015216886317922214
-0.02708921336292697
0.0030687862019209695
-0.00826142589314718
0.018717067656737214
0.020767068844641745
0.02624534018147124
0.02083616956955177
0.015147247836314368
-0.014770044370696803
-0.0178975518764624
-0.024214691117855316
-0.021836316915359297
-0.05107609654974242
-0.030081416678569162
-0.01592240669754265
-0.02372217322585989
0.006953610223750716
0.021643027584991394
0.020013074898841927
0.03151632334935165
0.019770583244752882
0.03489811520559519
0.03145382679809029
0.01514770008097979
0.02900527290306562
0.024285628636755135
0.02263675696403819
-0.006279362385287419
-0.011800551199613993
0.028238480627222843
0.014011531215595627
0.006651280227808729
0.03390913770164599
0.024513921612455056
0.00716138449160954
0.022438711055192555
0.01772220567542219
0.025129612099326966
0.029530159603206735
0.03523743241857602
0.029345642139758762
-0.004762347561035329
-0.005154146739042939
-0.00686532226504243
-0.018604233947593248
-0.008007277786927476
0.0013864417534877856
0.009440944218918773
-0.020422932282484395
-0.02243492956946015
0.03173543326596641
-0.013317194724575992
-0.015359692884593528
0.00926686411683775
0.012157396778562703
0.017075820089517548
0.018832766244629456
0.019583272344580977
0.015870145147651307
0.01824659071711361
0.017424150004370035
0.012661950799553675
-0.010210384230976881
-0.040633312115629344
-0.008097857429232143
0.02069105391684716
0.017965812443051458
0.0289567551002894
0.021504061628489585
-0.024443335415706112
-0.04157744599239933
-0.04576394065050282
-0.03244762232697222
-0.031959080312767146
-0.013375728573514713
-0.02265895991655403
-0.05438619633369729
-0.05371810371785543
-0.05381142925339632
-0.05315419598494516
-0.004978089305421919
-0.022062279056871695
-0.01586618265263585
-0.03452424299516242
-0.03475424860847675
0.007502332982212222
-0.03432765365552235
-0.01733145734374212
-0.03432809236600924
0.014931808164856411
-0.027410324595715442
-0.022116039059903756
-0.007373117556164802
-0.015546782044863282
-0.01080260022498347
-0.03448340839514944
-0.036789950772537196
-0.052453849659785945
-0.0734393987745848
0.005080946728281755
0.001079935626157464
0.0013101952997919611
-0.03663863479004255
-0.02974111757991387
0.020200342829575058
-0.017919944217513074
0.009979370840214392
0.009414879225670561
-0.021828316844631494
2.518406806940543E-4
-0.0240280866843876
-0.04092920957100612
0.003405086826654904
-0.02345353498397853
-0.054057091834858365
-0.01171911451946792
0.01412793173435003
0.010115257952468523
0.002734217609431641
-0.005831802075998111
0.016947073940378685
0.022884592422164837
0.02187412088680521
0.005399653644028313
0.009225798116327087
0.011709933887794044
-0.013073263801417784
0.0217413007435765
0.030449435611666853
0.028541157125628845
0.024746421195245727
0.020381308605795026
0.016300813955945674
0.0313270011420354
0.024446003680193604
0.023328007924155892
-0.013819067981205213
-0.01650814308660272
0.0148024409187116
-0.0011169024094435302
-0.00992435497019758
-0.017656352816022965
-0.013224549823653611
-0.047205162169806164
-0.003606662337627313
0.0025440431553817116
0.007613222395848787
0.011366045302235745
-0.025419658443101276
-0.01601294144819591
-0.013905617593801156
0.00874395820702277
0.007133946835671225
-0.0032955234677877593
-0.019687015034322013
-0.01804408105455538
-0.016143456337290602
0.016558755791854153
0.018729572694703534
-0.035836587845038397
-0.010726942947367219
0.024100792762437047
0.012587221597801693
0.02133538231068915
0.02533135436328477
0.029072829613479872
0.014604722915849813
-0.011934819377536748
-0.008959123561123052
-0.030188641835112606
0.005768646058555395
0.022584634998614798
0.007356785364470856
0.01918709855208874
0.02219068829167173
0.02158386129578273
0.006848882514640731
0.019107924215447887
0.01620651572876881
0.021893926708654598
0.011856848533424778
-0.0032891929894076966
-0.005507166972092333
-0.01334230406532455
0.009304499108740177
-7.314450419474971E-4
-0.0038297029408266374
0.012967757609858311
0.0034692936269661244
-0.01155609268804972
0.01664180271250603
0.02199919126155861
-0.02005240615464233
-0.02596386356702517
-0.0056305346324658214
-0.007977020440272774
-0.02091386852173357
-0.05343051325847588
-0.02375581069469051
0.0013563802892013403
-0.03481879936928944
-0.017985058928517622
-0.03221083152648618
0.0054233171677324716
0.004264856352719822
2.6029857313748274E-4
0.030927872096016582
-0.03148387749903857
-1.2886766863908774E-4
0.008809600600370938
0.022533051566666875
-0.05465700696814886
-0.01792446011952398
-0.012015723507348783
-0.011112475332009372
0.006021412810347212
-2.0101473241338115E-4
0.01352243184407873
0.03068036653031284
0.010401415284436836
0.011442222858656913
0.00683733043718527
0.006661760875910704
0.021208055105975846
0.003848820015513209
-0.009434466820556545
0.007954383115068004
0.025130101384284616
0.02574139075479335
-0.013616604427334703
-0.015347172867361494
-0.007501783581684679
0.019830211913027522
0.016509179183938127
0.01239469147174411
0.019650362252637672
0.010191251714921183
-0.012907156062472105
0.020705318875170818
0.018556084248647006
0.021620142034456082
-0.03860892391789299
-0.0021023098790302233
-0.022733008802822034
-0.02032761486246568
-0.006867179737408507
-0.006433049952896551
-0.02095086898361312
0.0057339817653442315
-0.03290547403043799
-0.011061740357632684
-0.03673099085167524
-0.03179202417798531
-0.031252918471360046
-0.003523232033624
0.016696007630864432
0.015033837764079882
-0.029097443830912288
-0.042654647482819524
-0.024231954528080045
-0.015232011437434637
-0.056667050941633615
-0.03846289506670847
-0.012510648433566267
-0.015976183431761416
-0.004281744070116439
0.001963970706609616
-0.022950223747454406
-0.05618009790922796
-0.021445954229683508
0.013584658934357204
-0.002349912254741818
0.014241712625490455
0.014282375979127987
0.01545378176980703
-0.022104207986520182
-0.0448613732291671
-0.028581112014673848
-0.01576019004731764
-0.05542846220138165
-0.02184803636743029
4.3227551123055147E-4
0.013192185226179534
-0.003912763092961146
0.005411630508942956
-5.072795622451295E-4
0.03225155365811856
0.036675700414633555
0.020190991329654028
0.002414490019775828
0.01174166038085099
0.024837562809796154
0.011081708786646719
0.020514953767334435
-0.006875627690892189
0.02525079179516332
-6.97954118525913E-5
0.040449114166083315
0.037073498624208764
0.04196180262262898
0.02409312769206442
0.021696204731880272
0.04549065558115995
0.03203551289583343
-0.00385318446504217
0.023399382590482645
0.040403466023124945
0.039951087629084
0.04169787199544019
0.009528752465477212
0.013001082473749476
0.03236390880817643
0.043124851739686824
0.0452125426341256
0.03841554527156065
0.018148180409874877
0.016259659763421055
0.030879195866485402
0.04166283071453497
0.0031757724955036202
0.011122049515796853
0.028158583216785896
0.040515713265851516
0.024421555446463464
0.03516669333069344
0.01128324980089946
0.01352688224791523
0.0064126677421002965
-0.019270950899058455
-0.02344419288809985
-0.020737689910159587
-0.018553248415574704
-0.02575626500568876
-0.026973435274639593
-0.023046012516523287
-0.012253932620366257
-0.02293411955847429
-0.03818239180052573
-0.03136234136494885
-0.04269697059946795
-0.008175957328551494
-0.0351459242084458
-0.04359939143602496
-0.011688638698074865
-0.011410129905578149
-0.03368516056312436
-0.044091780565226106
-0.024723421811279466
-0.03884131706649629
-0.0377251205023644
-0.03232776181311873
-0.009601034699509398
-0.027559163469368465
-0.04323082623648417
-0.06842842534838643
-0.0040158253665794515
-0.01863642918348287
-0.01960392874489854
-0.006902145956356754
-0.01842874296244783
-0.010510119861161763
-0.026947301679857736
-0.03154498675615033
-0.02803181829545939
-0.041626270985437704
-0.024406775041685192
8.149249825011725E-4
-0.024575337995524773
-0.013106239234491316
-0.05922403958386284
-0.019752149000540804
-0.03222208073012841
-0.02998530777362311
-0.022053070000996346
-0.013115749581185837
-0.03132930754333963
-0.01718604426602255
-0.006910566620858231
-0.03719655642657268
-0.030065402271798235
-0.018779128635492026
-0.011278414174107944
-0.013202170512229508
-0.012026081627593188
0.0011837969998810534
-0.002521320087002025
-0.010652898519257997
-0.01950149362653643
-0.020481535633717442
-0.006185999932735461
-0.013861433704055615
-0.023798313913772243
-0.023956897347160874
-0.02957596974841873
-0.030296284069190077
-0.02574501941269533
0.002426360879428628
0.01490396572382228
0.02503149079900557
0.024814831922922585
0.031605390281098114
0.014570732602618196
-0.013652654771469373
-0.010259293909716713
-0.015322838686917261
0.001950004430571126
-3.16604118266873E-4
-0.004426709211362243
0.024411867253222176
0.012265183106690487
0.009809100394826915
-0.032293285169255524
0.005196024567463755
0.013004839455223136
0.013855843680861282
0.0032223418233347997
-0.014501411568114353
-0.024351775087701446
0.0029611674020974545
0.003480397745413732
0.018810748247584864
-0.013308843149192973
-0.04463878233456702
-0.051739587424456314
-0.015616646497024534
0.019118648933213345
-0.016627599204560563
-0.009429170902849747
0.02482599304642947
-0.012335501574476276
0.008222131361841474
0.006308075865412013
-0.0341772671332243
-0.03027377687841603
-0.01489469973905938
0.028198409791830657
0.02350003761352712
0.012207236977389528
0.03550613603225285
0.016721921103684534
0.029839442700338555
0.03515437055763346
0.0376527382092606
0.029361474075109667
0.030824945325454482
0.008820194673220318
-0.013990905284298468
0.025746437423886732
0.005205530115708347
-0.03451545768411051
-0.00521401141999009
0.009109755039693957
0.009156426574910833
0.004653239244579365
0.006119682480499343
0.004047151672525081
0.009457131134156867
0.008527055601608609
-0.00446777969638683
9.916763608960066E-4
0.00543057879614608
0.010432722826202358
-0.027344580562535945
-0.00684390527061615
-0.012222789827180827
-0.010020403583046684
-0.01528290081689138
5.235615886733554E-4
-0.0048263332738416225
-0.009399042027977613
-0.03556407485403166
0.003236097194572152
0.006732740744403637
-0.017691682234128387
0.0016619520248354414
0.009661506994222432
-0.001314756017760411
0.0016364566903540679
0.0026396182785753397
0.030384042756009935
0.03347157567278352
0.022151490187578626
-4.844319375478122E-5
-0.005242182411095198
0.010051314696534272
0.011570096518728468
1.4448355515528973E-4
0.006432811247297808
-0.005009445884119987
-0.004432958912418987
-0.014605495958079969
0.0016782094393443876
-0.0037173080081820153
-0.011529457233619797
0.0019139180663242622
-3.753117805751974E-4
-0.007318930697619092
-0.034212305922206025
-0.0024502807792447213
-0.028974782225691022
-0.018467077048142086
0.0019245765908335747
0.015244361495560431
-0.02745371597931301
-0.0197396428351685
0.022043662504382618
0.01585609379166995
0.015931151513863782
0.026930406215874513
0.02529754941045484
0.021635509436988037
0.004438243756113403
-0.024381384675886977
-0.02970450129771281
0.010377007817046202
0.0164086932299883
-0.04107744114304303
-0.04077476371113276
-0.023791675089930724
0.013559199800914265
0.012454487606253164
-0.03039484723719084
-0.037840588336145835
-0.02154120939454345
-0.04958858935422596
-0.023739698423609863
-0.01925199808945974
-0.03488806188391031
-0.026860303536021646
-0.05337279736714694
-0.04629435705904004
0.019082483768806113
-0.010620733921601915
-0.01977762773878897
-0.02833345062987198
-0.024174432912195353
-0.02903389734527177
-0.019683501440116644
-0.002333532530372908
0.002018737661447307
0.004318641197884208
-0.001368958802310599
-0.00840316813247224
-0.05155311507957958
-0.0019168069985241098
0.01715219918709198
0.013527238122548765
0.009793842285305481
-0.001690403467201625
-0.0402862040486673
-0.005964056344433484
-0.020179376723964734
-0.026439755547726894
-0.007695975300053207
-0.005059663884950171
-0.007085147977856556
0.0022669690802150167
0.004816895655514886
0.006435133897206935
-0.004476170022247787
-0.005750944076873529
0.006437772654769337
7.507709708599532E-4
-0.010910757290427802
-0.0031259610521195
0.004234380411456918
0.019382105963303434
-0.014815430023411218
0.02370393031430108
0.01874542355824636
0.026405885416896892
0.025334245339807493
-0.001919276000801389
-0.03335519582950148
-0.008599562164481316
0.005383325957443377
0.013130748884227134
-0.024012334598197592
0.006851224475684643
-0.0028993257005177596
-0.010121951244651536
0.013476230647016212
0.024711000446672262
0.027790907962907452
0.00945961590490074
0.01995176476361943
-0.010808714790207006
-2.576942650571115E-4
-0.03331440282237279
-0.038629063744272385
-0.007857506723937039
0.023511702794177594
0.0010194778009917557
-0.013849813415131888
-0.03151043885590052
0.004185731348864462
-0.014839017823654405
-0.02759450491718324
-0.010239648899202841
0.021270582908077623
-0.0241875101055535
-0.007834900562490572
0.013475152184448048
0.022217253360997894
0.0038128290218212226
0.005170672494639879
-0.0303902949803709
-0.002737920084091022
0.030758431275397603
0.0049242444137221515
0.005827327787333843
-0.024631805812530966
0.004135008658491401
0.015077436991438396
-0.00349574337380678
0.01394201940456923
0.014290781162033975
0.01571983219540907
0.015350772426931796
0.00752559015051722
0.015232636255017305
0.0232121508507751
-0.009006922203557735
-0.014116346740128896
-0.0027849269542401366
0.005746925560664657
0.01869897844164703
0.006656663277376286
0.0012904811384280644
-0.0135186946070417
-0.011895681787059208
-0.0023199159256740544
0.013962561544127807
0.006758102402674953
0.002924262718019148
-0.0017723275564646293
0.009289577437403336
-3.056923954886364E-5
-0.01743546379472262
0.005460786256003482
0.012616503652888529
0.003169629833614376
-0.010844562345746359
-0.008664276999173642
0.021529458121584844
0.002024634130376074
-7.068989088127332E-4
0.011767177326974406
0.00912706459348236
0.0264187702355317
0.023389392930781145
0.0022337023078073466
0.01313308400107684
0.01356856834159498
0.0028127895449849252
0.019745268215006804
0.013805572311908345
0.024486158218724137
0.02276768116045538
0.018935208978162196
0.021225044850915305
-0.009475367395032066
-0.031711916705477884
-0.051072961674412574
-0.01276498601784573
0.010798473837477082
0.021353002499233102
0.017059052517350792
0.018065957753564222
0.00103968658070689
0.02190163549685433
0.035568282393910015
0.024899820225206946
0.0058483102551009514
0.02247588309966581
0.021249148148209458
0.024145318118377994
0.00430972891962378
-0.014205264057028674
-0.0014770934543778176
0.022740796866874906
0.022361027338046097
0.02387191227847221
-0.013684377120750052
-0.03742635422390987
-0.027965398125752477
0.006799739997438728
-3.429229743580883E-4
0.012210784212288037
0.01330659434696967
1.6851209397023882E-4
-0.00699083751548512
-0.0016364398420014394
0.002536790309018782
0.03134554805677774
0.02271393200466473
-0.062364964620357136
-0.04928333161490922
-0.007057192449099317
0.014338422944000952
0.016992221115995132
-0.014198111873455335
-0.012707588099217257
-0.011691036554920643
-0.007178564298983572
0.005174049028019403
0.006380302419361115
0.005877481648411076
-0.00976106142946554
0.00764306279544169
0.017740152533937445
-0.017414924774649683
-0.007960854139798336
0.004320425151475051
0.001810014410224622
-0.013787259718808535
-0.03596108412655615
-0.02309399629461291
0.011753250870111425
0.02277948683061981
-0.011895683774846072
0.02868076413526372
0.02691182556433287
0.04750199757211854
0.035720095454556976
0.03652167903349165
0.03575374924501939
0.010092182207123351
-0.007076878774791125
-0.005861946474624069
0.01894744736803458
0.007490347622495813
-0.0030244197383337405
-0.0760831917762283
-0.02212139505307477
0.020770326742722667
1.684149571985332E-4
-0.02715458227209543
-0.007417561356052137
0.015413678643787017
0.027880820253422808
-0.030800967187186057
0.007089266970430284
0.02749729783187752
0.022149208834101486
0.0011613771878234507
0.0025939527142802223
-0.012497124587791475
-0.016245810856172316
0.011732302460723674
0.019288479382609143
0.03489031059090556
0.030845925611070156
0.0070498886810561896
0.01948757049417305
0.011709666900567281
0.014443628519211512
0.017232526151518754
-0.018952159369588693
0.002558664418075923
0.008909625407672796
0.017334312809817957
0.011258080639511244
8.174024250576295E-4
-0.009519693383439078
0.011404235087835142
0.027541879784377794
0.03234075473070631
0.01019429478346033
0.007604474357804535
-0.0027676498893194827
-0.007746980674063065
-2.2822423744005293E-4
0.005006513762551483
-0.007950938902227811
-0.014365257755584903
-0.025100854962569197
0.011636589181478895
0.020899323896124745
-0.003503581182151588
0.024918463752249206
0.024478217879383198
-0.008478216706428508
-0.012831985877111545
0.02303355021215129
0.018592097430645094
-0.031039714050598403
-0.03995445775765921
-0.05028091279569797
-0.0025239233043208103
0.005099375279008863
-0.011001830369379583
0.018272608714934434
-0.018856965638870966
-0.03185564895215162
0.0031920904754908323
-0.043370408309746915
0.005420009535710276
0.022933186390083175
0.009054979331983116
-0.009450475712700515
0.0034044403898514817
0.02306659040334719
0.02029299659907043
-0.03402637729931728
-0.01739103924917903
-0.047836126316431526
-0.011322119439420223
0.007570329347620769
0.01046251199670275
0.010285268971756564
0.007407628153700938
0.02372627504295507
0.01823858071957233
0.018581959161717967
0.040643866183780845
-0.011994206444246005
-0.014589860398852619
0.023211002213535385
0.02236571787746883
0.014827074617586707
-0.02388140690787765
-0.025992710092785722
-0.03195834825507051
-0.04222426872336604
0.005203594955961001
-0.02337991247291959
0.02261223649557755
0.006782277186719481
0.004485769190934978
0.008036746329085766
-0.025441784135300773
0.014716542904463534
0.013958605003497044
-0.0173707195804366
0.0029932876153554544
-0.005218536117079618
0.016605411438053143
0.024415350522489335
0.0333732326930525
0.022504450784909993
0.025088963731857455
0.03469908316827877
0.03550027729088809
0.02145809834278699
0.027708026306903086
0.00824714190466611
7.523206383044531E-4
-0.040492995531139414
-0.003545118492902122
0.005035995703812104
-9.04656969490831E-4
0.018986815925887957
0.0016449042098170153
0.01240807396917302
0.00711178053404721
0.030650574973503195
0.016290049039283067
0.02009361318650413
0.017249895801857814
0.023896985881856823
-0.0069394552421883395
-0.009229495785491353
0.0010414164467342515
-0.002009239556323186
-0.04077633822122035
-0.032513456661717295
-0.013401421012084275
0.02788624207399229
0.0028910616891542704
-0.05278947865989504
0.006918192170698002
-0.01718282566064541
-0.008296896782316446
0.015331668278358369
0.03163442911850597
0.029668381746972526
0.002219715314780428
0.003998605043329787
0.010937794338335841
0.015866885654000712
0.023418298831763804
0.026743527556421946
0.026326572874166808
0.00682862433578414
0.011689830439588454
0.010900804284290381
0.020023197113630674
0.0209029110393864
-0.0026797552383408924
0.03572728119799967
0.018127209854346973
0.02122439464263568
0.03680639213528793
0.035650753723285536
-0.0024608407933310278
-0.023639643576322596
-0.027593372055461248
0.012134672562294689
0.011010959445378584
0.022133574881576006
0.005648803126774172
-0.02904997105890603
-0.034190298471449464
-0.03883251551821884
0.02133170586146621
0.031080202555213918
-0.0029740397961583805
-0.03486937258600858
0.014719796926367015
0.027123430485125784
0.02963821173115091
-0.037757931757851464
0.0017605175403743944
0.031478904478055784
0.035258163295168295
0.036825885927451
0.025755997422447944
0.026488131885117543
0.0357740881790796
0.03483506549366852
0.0107946459667005
0.00377125404284259
-0.01920172777740391
-0.033774359424162945
2.6229264390585498E-5
0.028090741910081724
0.03284695060961183
0.010483764885987743
0.014727891148566125
0.034937451709829107
0.026649549878713288
0.002681051209617242
-0.0025149505874619803
0.012482787675070718
0.02945679404467721
0.02364498361996238
-0.009665141219684134
-0.0065554423974119955
-0.001145329102262894
-0.004363960317569158
-0.036835417833388166
-0.02022461150688373
-0.00946361295863181
-0.005238656189772295
-0.0019693074777159753
-0.023340424668676328
-0.047170737982424805
-0.01644312174487399
0.007193705098052613
0.004074116174432288
-0.01625865864745866
-0.024202815024342197
-0.03418405199355547
-0.043023336074712856
-0.019040878225352286
-0.03512862417429807
-0.02682730225256483
-0.02204138901566036
-0.03201445392595704
-0.03160163228449954
0.01556903652369771
0.019163238080935157
-0.0012137837567474312
-0.020947561380499677
-0.006969112562350107
-0.050446859060789884
-0.020711471931009584
-0.008728398739998026
-0.03924252145752823
-0.026505706481046745
-5.483462870323467E-4
0.0065806746150902954
0.0032892816529285058
0.00519382284538365
-0.02473909247814503
-0.01982672414641509
-0.0071710854056362475
-0.027026030274670532
-0.039626280353029175
-0.02373219800523907
-0.04765223629878695
-0.047777102123896874
-0.04094356979702289
-0.03767325273973366
-0.049991804642902093
-0.028626123265376755
-0.04434054570440939
0.008820818145638851
-0.03976888280134022
-0.035056247413724366
-0.033780989016134515
-0.005335866696500498
-0.027031032178589477
-0.020288627114062232
-0.014905281015610086
-0.007342622956155211
-0.0098797645907079
-0.019925106156620763
-0.010373808803885824
0.03159382621527883
0.00918553800300232
0.00802676650774794
-0.021333166450223224
-0.001688226077005988
0.01567194296965318
-0.010749046154888513
0.01797176917063136
0.01790896178797745
0.013449362584867399
0.008639567355415554
0.0055756367323223964
0.019328940170965227
0.003468695966064086
-0.010265358430018379
-0.014563334127812374
0.0027216683391758207
0.009735204219465688
0.019479793750276045
0.004964762146042124
-0.03442577920344563
-0.02665527234019029
-1.1755009623156418E-4
0.00845677044237338
0.002668097935302
0.004780891135150666
-0.0037179906226888775
-0.01123305841039492
-0.0030366953036954918
0.0128374328840983
0.02285801592128286
-0.0016484628688171192
-0.01409036456218431
-0.013799748959136637
-0.0093280277809853
-0.02135129139501833
-0.0021002405616652783
0.0018832411606368523
-0.01618606082903544
-0.003566036015064384
-0.0031185937897249146
-6.430004640954268E-4
0.010036322458403713
0.028594949045139467
0.030888753793622624
0.010875172349653349
0.026419999811760367
0.007567616227744111
0.036512571493614344
0.028097238828396803
0.020951746640206752
0.014269899850855543
-0.006021321768200002
-0.005476697836518855
0.007142617606255453
-0.005836528617451919
0.02044117865103869
0.02601704970642274
4.138206819980859E-4
0.00566643173326664
0.01614557098253113
-0.0075518288239621225
-0.007414533682121919
0.019579925892273108
0.028921112512173795
0.004519341982739794
0.020720211171630584
-0.002241631487732708
7.07258895369287E-5
-0.009907115453957671
0.01813712611339978
0.015444206079503881
-5.727400891936779E-4
0.012658810246323515
0.023041750464922798
0.017864676860129877
0.024578848208865436
0.0038063037866496547
-4.3819957305289063E-4
0.01833073525753162
0.02616039597684546
0.019265470841884548
0.02153837172114068
0.012540005874791316
0.018920374819563532
0.011898127079169847
0.015178294406401676
0.0010655466846521617
0.024056754618853912
0.011485023034674663
-0.0016165064190672394
-0.002402645967149752
0.029701628287066933
0.010173182357528354
-0.011286575534876598
-0.0351325840116035
-0.0013100318835988323
0.0036704822551757023
0.007064775879046598
-0.011037103415035696
-0.0320958758370719
-0.04920982641348544
-0.025203479136642094
0.014371474403877111
0.027499405951575944
0.0038887626649005383
-0.025629693652233967
-0.01447375844649093
-0.004923087585209388
0.0012756086642312853
-0.0098226476191422
0.01336872203548502
0.024954802684307227
0.004232587522846475
-0.02550259008942633
-0.06610675620309504
-0.00572142050414169
-0.0014851241443263135
0.007601413614646732
-0.012097501649184996
-0.01812843358384114
-0.03501686596324712
-0.023437406486545957
-0.021680776364811524
-0.03097555460306211
-0.044941912803872566
-0.054590185701533185
-0.05857274538048459
-0.04621651504627832
-0.03052930465002881
-0.04571241019482829
-0.0032954377209087307
-0.05212165132017298
-0.043102200169166424
-0.018405984222038263
-0.013217908963819372
-0.01781610444004262
-0.008305099451921153
-0.031049784813981886
-0.011774822919057924
0.00997413938890334
-0.014683504402326061
0.015140532697305321
0.005140307465990212
-0.0010566362648872572
-0.010933707590862075
-0.027654943720083144
-0.006404781277789092
0.01079689846902282
0.03688471338110662
0.0037451673734428753
0.03539839450004867
0.028445466689229332
0.01937378093583569
0.02752028068596211
0.02507338830353963
0.00413843676027881
0.008868727683736146
0.031086457490431707
0.027297854247435027
0.019019100250910723
-1.544000905275532E-5
0.0111289406887238
0.009512392745804168
0.01868865143990227
-0.009825535352457502
0.011793812266160228
-0.012323432247558995
0.007817768111865119
0.007575436667321663
0.0051170900322611325
-0.041745670604278674
-0.02383003639675435
0.015206527755629284
0.0024394558569123667
0.01791902319022259
-0.015580015091728038
0.022017251533790493
0.0221617832346886
0.012144732465899654
-0.020616721278231193
-0.020049228882549397
0.031150837708993226
0.02783722542571786
0.01599374910349515
-0.024526831150581824
-0.015749038515365753
-0.008329591258541628
-0.010290275358928392
-0.03697787098937382
0.009341822472905156
0.024526943927759528
-2.1067655457969968E-4
0.025707198996346006
0.037938092890097114
0.03089504462903277
0.009708613726148447
-0.022282695791954597
-0.03868084556041023
-0.018078120982405695
-0.009333531649813875
0.01482566878283143
0.0026196958571074428
0.007457260214981127
-0.0011828655447047145
0.0026248175579071265
-0.0025019950121408906
0.010847199989104212
0.009553350204776732
0.02672580296313723
-0.0034010825155999657
-0.019695452300111247
-0.008740856698679132
0.028430245831420335
0.01448074445988392
0.004757717190934884
-0.029319874512211786
-0.029496996495566766
-0.044538340612242294
-0.022632360771378295
-0.03148481560177555
-0.0014645431243174123
5.6102048241657E-4
-0.02062701526732189
-0.02010028846277293
-0.00805507275112954
0.008316847321300381
-0.006276667172243313
-0.03748764235417091
0.029066871333707858
-0.04218112051838816
0.001653278011015264
0.03393736535256674
0.015091446514354095
0.02794320227950178
0.03403614094691198
0.035713044974737373
0.024917075091293553
0.009214559339991038
-0.0013019320634476915
0.038971936740856104
0.07264657610290777
0.07495284854269949
0.042093189206256175
0.04170552595178835
0.04350905451323803
0.04990652629418146
0.051426059571555466
0.05036846286173453
0.050374342787629006
0.05733213234152023
0.030554890697801495
0.029923111958671533
0.03828614465197929
0.050231910657711744
0.042056632836107596
0.0234448831953464
0.06882881206957768
0.02093590289724237
-0.008631686785968536
0.015415426925393739
0.01189337797366761
0.002354061715515317
0.017261835953116568
0.03650078888473262
0.02446341698854937
0.007183036609753389
0.009985445277081168
0.041584177035369284
0.003166397040229135
-0.006968103675539825
-0.027346436800975378
-0.03192885316796463
0.0031488074318422724
-0.02281067417163949
0.003999574228914881
-0.017557127665156193
-0.021104030913224187
-0.011843223603457492
-0.013411070958199123
-0.045450950240302934
-0.05486089294129485
-0.031404170398751416
-0.052900481369661446
-0.05513106494494511
0.004786551978993842
0.017872452868750242
-0.030833971278431453
-0.010859043719917728
-0.05690502596853752
-0.03175677017027493
-0.058635150691675623
-0.02306028621228498
-0.015528507234755014
-0.05913537767372375
-0.017161576248966914
-0.0382330550992098
-0.06752793543611446
-0.048789326590677064
-0.048997324961798636
-0.03514825809284976
-0.053546945042342586
-0.03591263999142473
-0.027746671062002952
-0.03812498018380033
-0.03579263654306597
-0.023231191798001913
0.0052045469303148365
0.0010832712210755682
-0.03753047186643048
-0.003259800817879918
0.004292898518182821
-0.011656949992871203
-0.009742758641874807
0.0033667172153195096
0.008502856265223253
-0.020852864369391905
-0.0240534093134454
-0.025497583432693528
-0.014987277856337265
-1.520389254697352E-4
-0.009518193226806073
-0.05225180927396381
-0.031128444678227195
-0.02746163206237465
-0.02127086633580599
-0.04017587355691349
-0.04101568485074962
-0.04940314259936444
-0.032637532474122835
-0.027158148536932564
0.004203145099680901
-0.005110766302638352
-0.013418277077938238
0.01670759918095166
0.008532867998995794
-0.017122513988332033
0.021604745262420788
0.005477838252111202
-0.006810243453125911
-0.0014566436063005767
-0.01769674822084904
-0.004716769698298198
0.00465459328240509
-0.03748454787523968
0.009612975179836699
0.022877496667012026
0.021196097996783823
0.028653268732253035
0.009643085693085092
0.004920925436911688
-0.010402395551936157
-0.04183539930271978
-0.022952399650673277
0.002975915681675989
0.011305818573468587
-0.03432316942634825
-0.001858640743824038
0.016634598259537513
-0.02804698921933676
-0.03241131630920545
-0.009609806130940932
-0.023474705033604812
0.016794815075192267
-0.023111702598216804
-0.02676546441908192
-0.024164806787116758
-0.02830921839804769
0.00803121919432244
0.014981765170925478
0.026622412778388983
0.014857098388783603
-0.034278283405287414
-0.027230295439421934
-0.010281331923479419
0.03085889656612499
0.020973251954154216
0.009266275041481753
-0.0020318531926736202
0.020860316527493376
0.02451368480692169
0.0224009785159018
-0.0033451505572727603
-0.006611475381885841
0.02185885740288479
0.01438759712691775
0.028356722525629704
0.026520076145731035
4.486237290271778E-4
-0.019538107977585286
-0.017122037190195925
0.014924592892454942
0.027224779764664458
0.02423394573445715
0.014287953586949195
0.007652382990352074
-0.039247031470249945
-0.00870847084163927
-0.011977811227610493
-0.002562608598539832
-6.580513356502412E-4
0.028163908283466814
0.014376176049237367
0.010811327461414102
0.0071813416147053005
0.012471273951164003
0.012301903557578975
-0.004950744887722035
-0.02045155423291488
-0.024742943675434455
0.00708409320954407
0.019542845104444536
0.016333194258638415
-0.035134234222563863
-0.05380758534298532
-0.06509557071734844
-0.01375843277535449
-0.023512306398826618
-0.024727486465578548
0.010321738940954017
-0.04324580858016066
-0.03979382340004623
-0.06009272552979764
-0.038784200921630395
-0.008089573649800126
0.0017872635116704778
-0.018750525357809612
-0.046207745598364124
-0.010107140694511327
0.006701672982914674
-0.0036002485289373374
0.018362240826890662
0.014740071478369192
0.018033714465453723
-0.03253927290341788
-0.02288820869686676
-0.008355460139914095
-0.028737004529876757
-0.010381128032543277
-0.024991870359120462
-0.030328072731425536
0.009472483363917475
0.0011913454244130554
0.0106410065088407
0.022873456348028103
0.01940579447217334
0.0066551154477574965
0.001557214644573928
0.011951123551279636
-0.015948169483953098
-0.025722139090541427
0.030063696050333707
0.012913874683754847
0.029044443687963852
0.0261027219907121
0.013695595492161464
-0.014350259729513903
0.022454281805916947
0.027511081540509047
0.017610069657080417
-0.027329466344581294
0.015619598372614577
0.026578814085444435
0.02354673185639972
0.02354957658525671
-0.005179937562715296
-0.009492049246304188
0.008267454113605983
-0.005105268994083774
0.005856797379536186
-0.02183095443274892
0.025522995379809527
-7.854810140294734E-4
4.792090874709438E-4
0.0018861040245468455
0.0010874311134003633
0.015610397976706016
-0.014499820701492755
-0.024880045058341963
0.015598347476722344
-0.008655165685671505
0.011417022995698219
-0.02669919389233249
-0.005109207973607146
0.016281416778962592
-0.0026470633082861226
0.0018873179240032644
-0.005042194592006917
0.019245564862958208
-0.012845050392530312
-0.005968487681938403
-0.00561472204757055
-0.025352342253588813
-0.04139256363088546
-0.04303655074995508
-0.05359961050307875
-0.03546587934451613
0.003843988990655126
-0.011921498841368821
0.005377090525465759
0.010987967188047818
0.01915466240227035
0.01624977500350174
0.01746102855148426
0.009567618954524008
0.013619668256949106
0.03099259793289065
0.016925055490256993
-0.040882684865779666
-0.0025237338870071437
0.015623020997522805
0.01595032650099914
0.029037107680890104
0.007766433068487921
0.015353400478067445
-0.02833489242106454
-0.03127504578960549
-0.01262881417283849
-0.02263574195047434
0.013790152533594287
0.019685816925346024
-0.008215918714194989
-0.0027971432096169434
-0.010050248473818633
-0.02404134235622285
-0.031775781703509066
-0.0027654561665240024
-0.009464361366468672
0.02840453612180981
-0.018789209472195832
-0.027107022527523544
-0.0043003822531059764
0.006083106134643906
0.021097477426584504
0.01121878985117325
-0.021955135682395783
-0.0019416694826100336
0.03164432344046343
0.0267428835698808
0.014706943347502503
0.0226986033239676
0.03484081540423837
0.01747764710354097
0.021657646983896314
0.003986796629007189
0.004133912337098336
0.008712848618978867
-0.010950141330468994
0.01871670230873182
0.0014696843726563174
0.013994392344244619
0.009240943437111149
-0.007556035157163837
0.013119904299966427
0.01611442389126855
0.0211409103547651
0.01224704316238931
0.002412473642175135
0.014536431341995913
0.003973546600259136
-0.025470574408699896
-0.022894495371418522
-0.006589515161330404
-0.011776164745956665
0.01635760335433283
0.03171973067318229
0.01599871192825095
0.011517728920023491
0.00986269107353998
0.0062948476967744195
0.002266589661124694
-0.002593159630025571
0.0026902605813884433
0.011118176515921032
-0.010161515102616906
0.004773504511000323
0.048196579318020905
0.055988166451588904
0.019057038560039073
-0.060049982950427475
-0.025169069718485818
0.022384446065734327
-0.013177813046879455
-0.002560106141817171
0.017612049784715963
0.006131567328769659
-0.009219757593054888
-0.05558676290004347
-0.030801196381302215
0.004769567045250392
-0.004718021459265408
0.006007883959861971
-0.005982908919938577
-0.04489278980738231
-0.01219124131911004
0.002224477518474881
-0.030335467340158545
-0.042473680711721556
0.011609411718778866
0.011512085193979182
-0.0137537294958352
-0.004085008174786493
0.01618599202556752
0.023647291045397503
0.020489888433174848
0.0156742585507394
-0.024100365921631853
0.0059459270513845695
-0.015202591419919736
-0.006514351153789284
0.01048970774013238
-0.0035950756463316333
0.002651635860228141
0.028551270732190638
0.08090353222722634
0.056836683124377105
0.039838464015474806
0.016928507125057092
0.032666927147138376
0.025312123775178233
0.028139853911885053
0.03924661707863228
0.035766844756594265
0.03537004062057112
0.039644377418499514
0.028264410062647582
0.030621705366672206
0.020026178331879835
0.0353879001957972
0.02833318621879838
0.03445012108804789
0.08099998419257419
0.019881557023197
0.06745743964935347
0.0738228674645383
0.03571651835718229
0.03285186890510938
0.03507090209459636
0.027711378585528964
0.024058734757217825
0.03219466385791779
0.03718690807841409
0.03152244535482645
0.031050138452228787
0.03379379959159228
0.03333859010643119
0.037560871007049856
0.038421186212985306
0.03679407942447831
0.009681729775296789
0.025680596007617237
0.032839495733926236
0.030514472065501466
0.02047427357940907
0.04518538853765103
0.04331808086021218
0.03649252822443088
0.026222312241397566
0.04081804190820742
0.060484899195044836
0.03768964711933916
0.019439856233295704
0.014345931612073069
0.030895289393257433
0.03606705779579171
0.027268684607504694
0.039244305957346494
0.030126974545430122
0.04039210469856202
0.03802081283656552
0.038992373207023125
0.02960543429951104
